HEADER,  detda.mol  read w/ mol2lmp > atom_typing v1.7 / 4 November 2023 w/PCFF-IFF atom-types

21 atoms
20 bonds

4 atom types
1 bond types

 -4.1119903230     6.0953096770    xlo  xhi  
 -1.9717451610     8.3186548390    ylo  yhi  
 -1.0411032260     2.9285967740    zlo  zhi  

Masses

 1  12.0000000000     # C
 2  1.0080000000      # H
 3  15.9990000000     # O
 4  14.0000000000     # N

Atoms # full

  1     2   1   0.0000000000000000    -1.5961903230000001       0.2320548390000000      -0.0000032260000000    0  0  0  # cp
  2     2   1   0.0000000000000000    -0.9771903230000000      -0.9717451610000000      -0.0000032260000000    0  0  0  # cp
  3     2   1   0.0000000000000000     1.0625096770000000       0.0998548390000000      -0.0001032260000000    0  0  0  # cp
  4     2   1   0.0000000000000000     0.4943096770000000       1.3153548390000001      -0.0001032260000000    0  0  0  # cp
  5     2   1   0.0000000000000000    -0.8510903230000000       1.3580548390000000      -0.0000032260000000    0  0  0  # cp
  6     2   1   0.0000000000000000     1.3261096770000000       2.5900548390000000      -0.0001032260000000    0  0  0  # c2
  7     2   1   0.0000000000000000    -3.1119903230000001       0.3850548390000000      -0.0000032260000000    0  0  0  # c3
  8     2   4   0.0000000000000000    -1.4206903230000001       2.4934548390000000      -0.0001032260000000    0  0  0  # nn
  9     2   2   0.0000000000000000    -2.4636903229999998       2.5914548389999998      -0.0000032260000000    0  0  0  # hn2
  10    2   2   0.0000000000000000    -0.8687903230000000       3.3841548389999998      -0.0001032260000000    0  0  0  # hn2
  11    1   3   0.0000000000000000     0.6462096769999990       6.6261548389999998      -0.0411032260000000    0  0  0  # o3e
  12    1   1   0.0000000000000000     0.5793096769999995       5.4934548390000000       0.9998967740000000    0  0  0  # c3h
  13    1   1   0.0000000000000000     1.5242096769999991       6.5004548389999997       1.2173967740000000    0  0  0  # c3h
  14    1   1   0.0000000000000000     2.9712096769999992       6.2769548390000001       0.7907967739999999    0  0  0  # c2
  15    1   3   0.0000000000000000     3.7486096769999993       5.9650548390000004       1.9285967740000001    0  0  0  # oc
  16    1   1   0.0000000000000000     5.0953096769999995       5.7357548390000002       1.7785967739999999    0  0  0  # cp
  17    1   2   0.0000000000000000    -0.3900903230000008       5.5434548389999998       1.4943967739999999    0  0  0  # hpan
  18    1   2   0.0000000000000000     0.8516096769999990       4.5617548389999998       0.5068967740000000    0  0  0  # hpan
  19    1   2   0.0000000000000000     1.3177096769999990       7.3186548390000006       1.9147967740000000    0  0  0  # hpan
  20    1   2   0.0000000000000000     3.0507096769999995       5.4404548390000000       0.0590967740000000    0  0  0  # hpan
  21    1   2   0.0000000000000000     3.3455096769999990       7.2224548389999992       0.3338967740000000    0  0  0  # hpan

Bonds

  1     1    1      2    
  2     1    1      5    
  3     1    1      7    
  4     1    3      4    
  5     1    4      5    
  6     1    4      6    
  7     1    5      8    
  8     1    8      9    
  9     1    8      10   
  10    1    11     12   
  11    1    11     13   
  12    1    12     13   
  13    1    12     17   
  14    1    12     18   
  15    1    13     14   
  16    1    13     19   
  17    1    14     15   
  18    1    14     20   
  19    1    14     21   
  20    1    15     16   
